Coordinates for wsnet_1145.png:
(149, 245) (149, 267) (151, 267) (152, 268) (152, 272) (153, 272) (154, 273) (154, 277) (156, 277) (157, 278) (158, 278) (159, 279) (159, 280) (160, 281) (160, 283) (161, 283) (162, 284) (162, 286) (163, 287) (163, 295) (165, 295) (168, 298) (169, 298) (170, 299) (170, 300) (171, 301) (173, 301) (174, 302) (174, 303) (175, 303) (177, 305) (177, 306) (178, 306) (179, 307) (179, 308) (181, 308) (185, 312) (186, 312) (187, 313) (186, 314) (186, 315) (187, 315) (188, 316) (188, 317) (189, 317) (191, 319) (191, 320) (192, 320) (193, 321) (193, 322) (194, 323) (194, 325) (195, 325) (197, 327) (197, 328) (198, 328) (199, 329) (199, 331) (200, 331) (202, 333) (202, 337) (203, 337) (204, 338) (203, 339) (203, 340) (204, 340) (205, 341) (205, 342) (207, 342) (208, 343) (209, 343) (210, 344) (210, 345) (211, 346) (212, 346) (213, 347) (213, 348) (217, 348) (218, 349) (223, 349) (224, 350) (224, 351) (230, 351) (231, 352) (231, 354) (233, 354) (233, 353) (234, 352) (235, 352) (236, 351) (236, 350) (237, 349) (238, 349) (239, 348) (239, 347) (240, 346) (241, 346) (242, 345) (243, 345) (243, 338) (242, 338) (241, 337) (241, 332) (240, 332) (239, 331) (239, 330) (240, 329) (240, 323) (239, 323) (238, 322) (238, 321) (237, 321) (236, 320) (236, 315) (235, 314) (235, 313) (234, 313) (232, 311) (232, 310) (231, 310) (230, 309) (230, 307) (229, 307) (227, 305) (227, 302) (226, 302) (224, 300) (224, 299) (223, 299) (221, 297) (221, 296) (220, 296) (219, 295) (219, 293) (218, 292) (217, 292) (216, 291) (216, 290) (213, 287) (213, 285) (212, 284) (212, 282) (211, 282) (210, 281) (209, 281) (208, 280) (209, 279) (209, 276) (208, 276) (207, 275) (207, 273) (206, 273) (205, 272) (205, 271) (204, 270) (203, 270) (202, 269) (202, 268) (201, 267) (201, 265) (200, 265) (199, 264) (199, 262) (198, 261) (197, 261) (196, 260) (196, 259) (195, 259) (193, 257) (193, 256) (189, 256) (188, 255) (188, 254) (185, 254) (184, 253) (183, 253) (182, 252) (182, 251) (178, 251) (177, 250) (163, 250) (162, 249) (162, 248) (160, 248) (159, 247) (157, 247) (156, 246) (156, 245)

Coordinates for wsnet_1146.png:
(247, 225) (247, 226) (246, 227) (230, 227) (229, 228) (227, 228) (227, 229) (226, 230) (225, 230) (224, 231) (224, 232) (223, 233) (222, 233) (221, 234) (221, 235) (220, 236) (219, 236) (219, 238) (218, 239) (217, 239) (217, 250) (218, 251) (217, 252) (217, 256) (219, 258) (219, 266) (220, 266) (221, 267) (220, 268) (220, 276) (222, 278) (222, 280) (221, 281) (220, 281) (220, 297) (221, 297) (222, 298) (223, 298) (224, 299) (224, 300) (226, 300) (228, 302) (228, 303) (229, 303) (233, 307) (233, 308) (234, 308) (236, 310) (236, 311) (237, 311) (238, 312) (241, 312) (242, 313) (242, 314) (252, 314) (252, 313) (253, 312) (256, 312) (257, 311) (263, 311) (263, 310) (264, 309) (266, 309) (267, 308) (269, 308) (269, 307) (270, 306) (270, 305) (271, 304) (272, 304) (273, 303) (273, 302) (274, 301) (275, 301) (276, 300) (278, 300) (278, 299) (279, 298) (280, 298) (281, 297) (283, 297) (283, 296) (285, 294) (289, 294) (289, 293) (290, 292) (292, 292) (293, 291) (303, 291) (303, 290) (304, 289) (306, 289) (306, 288) (308, 286) (309, 286) (309, 284) (310, 283) (311, 283) (311, 279) (310, 279) (309, 278) (309, 276) (308, 276) (306, 274) (306, 271) (304, 271) (303, 270) (301, 270) (300, 269) (300, 268) (299, 268) (297, 266) (297, 264) (296, 264) (295, 263) (295, 261) (294, 260) (294, 258) (293, 258) (292, 257) (292, 256) (291, 256) (290, 255) (291, 254) (291, 253) (290, 253) (289, 252) (289, 250) (288, 250) (287, 249) (287, 248) (286, 247) (285, 247) (284, 246) (284, 245) (283, 244) (282, 244) (281, 243) (281, 242) (280, 241) (279, 241) (278, 240) (278, 239) (277, 239) (276, 238) (276, 237) (274, 237) (273, 236) (268, 236) (267, 235) (267, 233) (265, 233) (264, 232) (264, 231) (260, 231) (258, 229) (258, 228) (256, 228) (255, 227) (254, 227) (253, 226) (253, 225)

Coordinates for wsnet_1147.png:
(199, 276) (199, 277) (198, 278) (185, 278) (184, 279) (183, 279) (182, 278) (179, 278) (178, 279) (174, 279) (173, 278) (162, 278) (161, 279) (157, 279) (157, 280) (156, 281) (148, 281) (147, 282) (146, 282) (146, 284) (145, 285) (143, 285) (143, 286) (142, 287) (140, 287) (139, 288) (137, 288) (137, 289) (133, 293) (132, 293) (132, 295) (131, 296) (131, 297) (130, 298) (129, 298) (128, 299) (128, 301) (127, 302) (126, 302) (126, 303) (125, 304) (125, 305) (124, 306) (109, 306) (109, 314) (110, 314) (112, 316) (112, 317) (113, 317) (115, 319) (115, 320) (118, 320) (119, 321) (119, 322) (120, 323) (121, 323) (122, 324) (122, 325) (123, 326) (124, 326) (125, 327) (125, 328) (126, 329) (127, 329) (128, 330) (128, 331) (130, 331) (132, 333) (132, 334) (133, 334) (136, 337) (145, 337) (146, 338) (146, 340) (148, 340) (149, 341) (149, 342) (154, 342) (154, 341) (155, 340) (156, 340) (156, 338) (157, 337) (162, 337) (163, 338) (163, 340) (173, 340) (174, 341) (174, 342) (175, 342) (177, 344) (177, 345) (179, 345) (180, 346) (181, 346) (182, 347) (182, 348) (183, 348) (185, 350) (185, 351) (186, 351) (188, 353) (188, 354) (192, 354) (193, 355) (193, 356) (200, 356) (201, 357) (202, 357) (203, 356) (212, 356) (213, 357) (218, 357) (219, 356) (222, 356) (223, 355) (223, 339) (222, 338) (223, 337) (224, 337) (224, 323) (223, 323) (222, 322) (222, 321) (223, 320) (223, 309) (222, 309) (221, 308) (221, 290) (220, 290) (219, 289) (219, 284) (218, 283) (218, 282) (217, 282) (216, 281) (216, 279) (214, 279) (211, 276)

Coordinates for wsnet_1148.png:
(211, 217) (211, 218) (210, 219) (208, 219) (207, 220) (204, 220) (204, 221) (203, 222) (201, 222) (199, 224) (197, 224) (196, 225) (196, 226) (195, 227) (194, 227) (193, 228) (193, 229) (192, 230) (189, 230) (190, 231) (190, 232) (189, 233) (188, 233) (188, 235) (187, 236) (186, 236) (186, 240) (187, 241) (186, 242) (185, 242) (185, 244) (182, 247) (180, 247) (180, 269) (181, 269) (183, 271) (183, 278) (184, 278) (185, 279) (185, 280) (186, 280) (187, 281) (189, 281) (190, 282) (190, 283) (198, 283) (199, 284) (199, 287) (200, 288) (200, 291) (201, 291) (202, 292) (203, 292) (204, 293) (204, 294) (210, 294) (210, 293) (211, 292) (213, 292) (214, 291) (219, 291) (219, 290) (220, 289) (221, 289) (221, 288) (222, 287) (224, 287) (225, 286) (226, 286) (226, 283) (225, 282) (226, 281) (229, 281) (229, 279) (230, 278) (230, 270) (231, 269) (232, 269) (232, 262) (233, 261) (233, 258) (234, 257) (235, 257) (235, 236) (236, 235) (236, 227) (235, 226) (235, 224) (234, 224) (233, 223) (233, 222) (232, 221) (232, 220) (226, 220) (225, 219) (223, 219) (222, 218) (222, 217)

Coordinates for wsnet_1149.png:
(239, 332) (238, 333) (236, 333) (236, 334) (234, 336) (233, 336) (233, 337) (232, 338) (230, 338) (230, 339) (229, 340) (227, 340) (226, 341) (225, 341) (225, 342) (223, 344) (222, 344) (222, 345) (220, 347) (219, 347) (219, 349) (218, 350) (218, 351) (217, 352) (216, 352) (216, 354) (215, 355) (214, 355) (214, 357) (213, 358) (213, 360) (212, 361) (211, 361) (211, 369) (212, 369) (213, 370) (213, 371) (214, 372) (214, 373) (218, 373) (218, 372) (219, 371) (225, 371) (227, 369) (233, 369) (234, 368) (236, 368) (236, 366) (237, 365) (242, 365) (242, 364) (243, 363) (247, 363) (248, 362) (249, 362) (249, 361) (251, 359) (252, 359) (252, 358) (254, 356) (255, 356) (255, 353) (257, 351) (258, 351) (258, 350) (259, 349) (260, 349) (260, 335) (259, 335) (258, 334) (258, 333) (257, 333) (256, 332)  

Coordinates for wsnet_1150.png:
(272, 205) (266, 211) (262, 211) (262, 213) (261, 214) (261, 227) (260, 228) (259, 228) (259, 230) (258, 231) (258, 232) (257, 233) (255, 233) (254, 234) (253, 234) (253, 235) (252, 236) (250, 236) (249, 237) (241, 237) (241, 238) (240, 239) (239, 239) (239, 243) (237, 245) (236, 245) (236, 258) (235, 259) (234, 259) (234, 263) (232, 265) (231, 265) (231, 267) (230, 268) (230, 269) (229, 270) (228, 270) (227, 271) (227, 272) (226, 273) (225, 273) (225, 274) (223, 276) (222, 276) (222, 277) (221, 278) (220, 278) (220, 283) (221, 283) (222, 284) (222, 286) (227, 286) (227, 284) (228, 283) (233, 283) (233, 282) (234, 281) (236, 281) (237, 280) (238, 280) (238, 276) (240, 274) (241, 274) (241, 273) (248, 266) (249, 266) (249, 265) (250, 264) (253, 264) (254, 263) (256, 263) (256, 262) (257, 261) (258, 261) (259, 260) (259, 259) (260, 258) (261, 258) (263, 256) (263, 254) (264, 253) (264, 251) (265, 250) (266, 250) (266, 248) (268, 246) (269, 246) (269, 244) (270, 243) (270, 242) (271, 241) (272, 241) (273, 240) (275, 240) (275, 239) (278, 236) (278, 231) (277, 231) (276, 230) (274, 230) (273, 229) (273, 228) (274, 227) (275, 227) (275, 220) (276, 219) (277, 219) (277, 207) (276, 207) (275, 206) (275, 205)

Coordinates for wsnet_1151.png:
(276, 369) (275, 370) (272, 370) (272, 371) (271, 372) (267, 372) (267, 373) (266, 374) (264, 374) (263, 375) (262, 375) (262, 376) (261, 377) (261, 379) (260, 380) (259, 380) (259, 383) (275, 383) (276, 384) (276, 385) (278, 385) (278, 384) (279, 383) (281, 383) (282, 382) (286, 382) (286, 381) (287, 380) (290, 380) (291, 379) (292, 379) (292, 378) (293, 377) (294, 377) (294, 371) (293, 370) (291, 370) (290, 369)

Coordinates for wsnet_1151.png:
(360, 211) (360, 212) (359, 213) (352, 213) (351, 214) (349, 214) (349, 216) (348, 217) (347, 217) (347, 221) (346, 222) (346, 227) (345, 228) (344, 228) (344, 233) (343, 234) (343, 240) (342, 241) (341, 241) (341, 249) (340, 250) (340, 258) (339, 259) (338, 259) (338, 281) (339, 281) (340, 282) (340, 289) (341, 290) (341, 292) (342, 292) (343, 293) (343, 295) (344, 296) (344, 297) (345, 297) (346, 298) (346, 300) (347, 301) (348, 301) (349, 302) (349, 303) (357, 303) (357, 302) (359, 300) (360, 300) (360, 295) (361, 294) (362, 294) (362, 288) (363, 287) (363, 285) (362, 284) (362, 281) (361, 281) (360, 280) (360, 279) (361, 278) (362, 278) (362, 268) (363, 267) (363, 253) (362, 252) (362, 251) (363, 250) (363, 245) (364, 244) (365, 244) (365, 236) (366, 235) (368, 235) (368, 233) (369, 232) (369, 231) (370, 230) (371, 230) (373, 228) (372, 227) (373, 226) (374, 226) (374, 222) (375, 221) (376, 221) (376, 217) (377, 216) (377, 213) (375, 211)

Coordinates for wsnet_1151.png:
(196, 185) (195, 186) (194, 186) (194, 187) (193, 188) (191, 188) (190, 189) (189, 189) (181, 197) (180, 197) (180, 198) (178, 200) (177, 200) (177, 201) (175, 203) (174, 203) (174, 204) (173, 205) (171, 205) (171, 206) (170, 207) (167, 207) (166, 208) (165, 208) (165, 210) (164, 211) (163, 211) (163, 212) (162, 213) (162, 216) (161, 217) (160, 217) (160, 226) (161, 226) (162, 227) (162, 229) (163, 230) (163, 232) (166, 232) (167, 233) (171, 233) (172, 232) (182, 232) (182, 231) (183, 230) (185, 230) (185, 227) (186, 226) (187, 226) (187, 219) (188, 218) (188, 216) (189, 215) (190, 215) (190, 214) (191, 213) (193, 213) (194, 212) (194, 211) (195, 210) (196, 210) (197, 209) (199, 209) (199, 208) (200, 207) (201, 207) (201, 206) (202, 205) (205, 205) (206, 204) (207, 204) (207, 203) (209, 201) (210, 201) (210, 199) (211, 198) (212, 198) (212, 196) (213, 195) (213, 194) (214, 193) (215, 193) (215, 186) (211, 186) (210, 185)    

Coordinates for wsnet_1152.png:
(309, 298) (308, 299) (295, 299) (295, 300) (294, 301) (292, 301) (291, 302) (290, 302) (290, 303) (289, 304) (286, 304) (284, 306) (267, 306) (266, 307) (264, 307) (264, 309) (263, 310) (262, 310) (262, 311) (261, 312) (259, 312) (259, 315) (258, 316) (258, 317) (257, 318) (250, 318) (250, 321) (251, 322) (250, 323) (242, 323) (241, 324) (241, 328) (240, 329) (239, 329) (239, 332) (238, 333) (238, 334) (237, 335) (236, 335) (236, 345) (237, 345) (239, 347) (239, 349) (241, 349) (242, 350) (242, 354) (243, 354) (244, 355) (244, 360) (243, 361) (242, 361) (242, 365) (241, 366) (241, 368) (240, 369) (239, 369) (239, 371) (238, 372) (237, 372) (237, 373) (238, 374) (237, 375) (236, 375) (236, 377) (233, 380) (233, 382) (231, 384) (230, 384) (230, 386) (227, 389) (227, 391) (226, 392) (225, 392) (225, 393) (223, 395) (222, 395) (222, 396) (220, 398) (219, 398) (219, 402) (218, 403) (217, 403) (217, 405) (216, 406) (214, 406) (214, 410) (213, 411) (213, 416) (215, 416) (215, 415) (216, 414) (217, 415) (217, 416) (218, 416) (219, 417) (219, 419) (220, 419) (221, 420) (221, 421) (222, 422) (222, 424) (227, 424) (227, 423) (229, 421) (231, 423) (231, 424) (232, 424) (233, 425) (234, 425) (235, 426) (235, 427) (246, 427) (246, 426) (247, 425) (254, 425) (255, 426) (255, 427) (256, 428) (257, 428) (258, 429) (258, 431) (260, 431) (261, 432) (261, 433) (263, 433) (263, 432) (264, 431) (264, 429) (265, 428) (266, 428) (267, 429) (267, 430) (269, 430) (269, 429) (271, 427) (272, 428) (275, 428) (276, 427) (276, 426) (277, 425) (281, 425) (281, 422) (282, 421) (288, 421) (289, 420) (289, 418) (290, 417) (292, 417) (295, 414) (297, 414) (298, 413) (298, 412) (299, 411) (300, 411) (300, 409) (301, 408) (301, 406) (302, 405) (303, 405) (303, 404) (305, 402) (309, 402) (309, 401) (311, 399) (312, 399) (312, 397) (313, 396) (315, 396) (315, 394) (316, 393) (317, 393) (317, 391) (318, 390) (323, 390) (323, 389) (324, 388) (325, 388) (325, 384) (330, 379) (334, 379) (334, 378) (335, 377) (335, 374) (336, 373) (340, 373) (340, 372) (341, 371) (342, 371) (342, 370) (341, 369) (342, 368) (346, 368) (346, 366) (347, 365) (348, 365) (348, 361) (349, 360) (351, 360) (351, 353) (353, 351) (354, 351) (354, 349) (352, 349) (351, 348) (351, 343) (350, 343) (349, 342) (349, 341) (348, 340) (347, 340) (346, 339) (346, 338) (343, 335) (341, 335) (340, 334) (340, 333) (332, 333) (331, 332) (330, 332) (329, 331) (329, 329) (326, 326) (326, 324) (325, 324) (324, 323) (325, 322) (325, 318) (324, 318) (323, 317) (323, 315) (322, 315) (321, 314) (321, 313) (322, 312) (321, 312) (320, 311) (320, 306) (318, 306) (317, 305) (317, 299) (311, 299) (310, 298)

Coordinates for wsnet_1175.png:
(265, 169) (265, 170) (264, 171) (261, 171) (260, 172) (259, 172) (259, 173) (258, 174) (258, 175) (257, 176) (256, 176) (255, 177) (253, 177) (253, 178) (251, 180) (250, 180) (250, 184) (249, 185) (248, 185) (248, 187) (247, 188) (247, 190) (246, 191) (245, 191) (245, 196) (244, 197) (244, 201) (243, 202) (242, 202) (242, 206) (241, 207) (241, 209) (240, 210) (239, 210) (239, 213) (238, 214) (237, 214) (237, 218) (238, 219) (237, 220) (236, 220) (236, 223) (235, 224) (234, 224) (234, 240) (235, 241) (234, 242) (233, 242) (233, 247) (232, 248) (231, 248) (231, 250) (230, 251) (230, 280) (231, 281) (232, 281) (233, 282) (233, 283) (235, 283) (235, 282) (236, 281) (244, 281) (248, 277) (249, 277) (249, 275) (250, 274) (252, 274) (252, 273) (253, 272) (253, 271) (254, 270) (255, 270) (256, 269) (256, 268) (257, 267) (258, 267) (262, 263) (266, 263) (266, 262) (267, 261) (275, 261) (276, 260) (277, 260) (278, 261) (280, 261) (281, 262) (281, 263) (282, 263) (284, 265) (284, 266) (292, 266) (292, 265) (293, 264) (294, 264) (294, 261) (295, 260) (295, 259) (296, 258) (297, 258) (298, 257) (299, 258) (299, 260) (300, 260) (301, 261) (301, 277) (300, 278) (299, 278) (299, 283) (298, 284) (298, 286) (297, 287) (296, 287) (295, 288) (295, 289) (294, 290) (293, 290) (293, 292) (292, 293) (292, 295) (291, 296) (290, 296) (290, 297) (288, 299) (287, 299) (287, 300) (285, 302) (284, 302) (284, 303) (281, 306) (281, 317) (280, 318) (279, 318) (279, 329) (280, 329) (281, 330) (281, 335) (286, 335) (287, 336) (287, 337) (298, 337) (298, 336) (299, 335) (301, 335) (302, 334) (306, 334) (306, 333) (308, 331) (309, 331) (309, 330) (310, 329) (314, 329) (315, 328) (315, 326) (316, 325) (317, 325) (317, 323) (318, 322) (318, 321) (319, 320) (321, 320) (322, 319) (321, 318) (322, 317) (323, 317) (323, 313) (324, 312) (325, 312) (325, 311) (324, 310) (325, 309) (326, 309) (326, 307) (327, 306) (333, 306) (334, 307) (334, 308) (335, 308) (335, 305) (336, 304) (337, 304) (337, 298) (338, 297) (338, 296) (339, 295) (340, 295) (341, 294) (342, 294) (342, 288) (341, 287) (342, 286) (343, 286) (343, 276) (344, 275) (345, 275) (345, 261) (346, 260) (346, 247) (347, 246) (348, 246) (348, 214) (347, 214) (346, 213) (346, 211) (345, 211) (343, 209) (343, 208) (342, 208) (341, 207) (340, 207) (337, 204) (337, 203) (333, 203) (331, 201) (331, 199) (330, 199) (329, 198) (329, 196) (327, 194) (325, 194) (324, 193) (325, 192) (325, 191) (324, 191) (322, 189) (321, 189) (320, 188) (319, 188) (318, 187) (318, 186) (317, 185) (313, 185) (312, 184) (312, 183) (311, 183) (309, 181) (309, 179) (308, 179) (307, 178) (307, 177) (304, 177) (303, 176) (302, 176) (301, 175) (301, 174) (296, 174) (296, 175) (295, 176) (292, 176) (290, 174) (282, 174) (281, 173) (281, 172) (279, 172) (278, 171) (277, 171) (276, 170) (276, 169)

Coordinates for wsnet_1176.png:
(239, 185) (238, 186) (236, 186) (236, 187) (234, 189) (233, 189) (233, 190) (229, 194) (228, 194) (228, 195) (226, 197) (225, 197) (225, 198) (224, 199) (224, 201) (223, 202) (222, 202) (221, 203) (221, 204) (220, 205) (219, 205) (219, 206) (217, 208) (214, 208) (214, 210) (213, 211) (213, 213) (212, 214) (211, 214) (211, 216) (210, 217) (210, 219) (209, 220) (208, 220) (208, 221) (207, 222) (207, 227) (206, 228) (205, 228) (205, 232) (204, 233) (203, 233) (203, 242) (205, 244) (205, 249) (206, 249) (207, 250) (207, 252) (208, 253) (209, 253) (210, 254) (210, 255) (211, 256) (211, 257) (212, 257) (214, 259) (214, 260) (215, 260) (216, 261) (217, 261) (218, 262) (218, 263) (219, 264) (221, 264) (222, 265) (222, 266) (226, 266) (228, 268) (228, 272) (229, 272) (230, 273) (230, 274) (232, 274) (233, 275) (241, 275) (242, 274) (242, 273) (243, 272) (244, 272) (244, 271) (246, 269) (247, 269) (247, 267) (248, 266) (249, 266) (249, 264) (250, 263) (250, 261) (251, 260) (252, 260) (252, 259) (253, 258) (253, 248) (252, 247) (252, 245) (253, 244) (253, 228) (252, 227) (252, 205) (251, 205) (250, 204) (250, 200) (248, 200) (247, 199) (247, 197) (246, 196) (246, 188) (245, 188) (244, 187) (244, 186) (242, 186) (241, 185)